[1,2,5]
11
[2]
3
[1]
0
[1]
1
[1]
2
[1,2,3,4,5,6,7,8,9,10,11,12]
10000
[12,11,10,9,8,7,6,5,4,3,2,1]
10000
[7,48,42,35,50,12,23,50,49,21,4,16]
4380
[4,46,4,48,31,37,39,31,25,47,8,31]
4380
[42,33,47,3,35,29,34,29,44,10,14,46]
4380
[27,29,18,17,49,5,23,31,35,4,6,15]
4380
[34,50,16,27,50,37,20,10,41,12,44,17]
4380
[16,21,16,20,38,26,22,45,32,9,21,2]
4380
[19,23,32,21,25,27,46,38,27,33,19,35]
4380
[14,7,29,8,41,4,5,16,35,1,2,29]
4380
[40,3,44,9,32,12,33,26,29,14,8,28]
4380
[5,50,36,15,16,7,41,33,3,31,7,31]
4380
[2147483647,2147483646,2147483645]
10000
[2147483647,2147483646,2147483645,1]
10000
[2147483647,2147483646,2147483645,2]
10000
