[1,8,6,2,5,4,8,3,7]
[11,6,3,15,7,7,4,6,5,6]
[5,0,20,8,22,10,13,9,5,12,16,6,23,2,24,3,8,2,8,20,7,10,25,5,8]
[12,3,2,19,5,23,22,14,24,8,18,19,6,4,4,6,20,2,23,25,10,13,14,9,25]
[1,13,6,0,17,20,1,15,25,10,7,11,15,0,15,20,17,24,20,5,10,1,24,4,14]
[12,7,1,5,23,24,14,18,20,4,9,16,14,7,13,17,3,6,20,22,20,4,2,8,5]
[19,14,20,3,15,25,14,1,12,4,12,0,9,2,11,18,18,21,21,5,4,3,17,6,13]
[2,4,0,5,0]
[4,1,3,0,5]
[4,3,3,4,2]
[4,4,0,0,3]
[0,4,2,3,1]
[3,0,0,5,5]
[1,5,4,0,1]
[3,2,1,0,3]
[4,3,3,4,1]
[3,4,4,2,3]
[2,3,3,1,4]
[4,2,3,3,3]
[4,1,3,1,4]
[5,5,2,2,5]
[1,3,5,3,4]
[2,0,4,1,4]
[4,2,3,2,2]
[3,1,2,2,3]
[0,5,3,3,4]
[2,5,1,5,2]
[4,2,1,3,1]
[4,3,0,3,1]
[3,4,1,5,4]
[1,4,1,4,0]
[3,2,5,5,4]
[2,0,2,4,1]
[2,4,4,5,5]
[2,0,5,0,4]
[0,0,5,0,5]
[2,4,3,5,3]
[4,4,3,5,4]
[2,2,1,5,5]
[3,1,2,1,4]
[4,0,2,0,1]
[0,4,1,0,5]
[2,2,5,0,1]
[3,2,2,1,2]
[4,1,4,1,2]
[0,5,0,0,0]
[5,4,4,2,1]
[2,2,3,3,2]
[0,2,2,5,1]
[5,3,1,3,1]
[1,4,0,4,0]
[2,1,0,3,1]
[1,3,0,5,0]
[4,4,3,4,5]
[1,4,5,5,1]
[1,4,4,5,2]
[3,4,3,4,5]
