[[1,4],[3,6],[2,8]]
[[1,4],[2,3]]
[[0,10],[5,12]]
[[3,10],[4,10],[5,11]]
[[1,2],[1,4],[3,4]]
[[6,11],[12,14],[15,17],[21,22],[23,24],[27,28],[30,34],[36,38],[40,41],[49,53],[59,63],[64,65],[69,72],[73,75],[75,76],[78,79],[80,82],[82,84],[85,89],[90,92],[94,96],[97,98]]
[[10,27],[32,69],[80,104],[106,127],[143,190],[202,208],[209,236],[246,275],[318,419],[465,479],[494,548],[548,614],[644,675],[677,694],[704,735],[758,831],[846,854],[861,873],[884,886],[888,901],[935,941],[963,975],[976,984]]
[[0,10],[1,2],[3,4],[7,9]]
[[0,5],[5,10],[1,2],[6,9]]
[[0,3],[3,4],[0,4],[0,5],[3,5],[7,10],[8,9],[9,10]]
[[2,24],[5,7],[6,9],[10,12],[11,14],[4,22],[13,23],[16,18],[8,21],[1,20]]
[[17,23],[10,15],[19,21],[2,14],[1,20],[3,7],[4,6],[11,16],[8,13],[12,24]]
[[17,19],[15,22],[6,13],[4,9],[0,5],[21,24],[7,23],[1,11],[8,16],[3,14]]
[[22,24],[8,21],[9,13],[2,17],[18,23],[14,20],[0,5],[1,7],[4,11],[3,15]]
[[3,11],[9,14],[21,23],[17,19],[5,10],[18,24],[12,15],[6,16],[1,7],[8,20]]
[[3,8],[19,23],[13,16],[0,24],[17,20],[2,21],[9,12],[11,22],[14,18],[7,15]]
[[13,16],[2,22],[20,24],[15,18],[17,21],[14,23],[7,10],[0,19],[6,9],[1,8]]
[[4,8],[12,24],[11,20],[16,19],[21,23],[2,18],[15,22],[6,17],[5,13],[3,14]]
[[6,22],[16,20],[11,18],[0,5],[9,12],[13,19],[2,7],[8,14],[3,21],[1,15]]
[[12,14],[4,24],[19,21],[5,16],[11,18],[10,20],[15,23],[0,8],[6,9],[13,22]]
[[18,23],[0,11],[12,15],[16,22],[4,9],[19,21],[6,14],[17,24],[2,10],[7,20]]
[[11,20],[16,23],[19,24],[3,15],[14,22],[13,21],[4,7],[1,10],[12,18],[5,8]]
[[15,17],[18,21],[1,14],[16,23],[2,6],[4,10],[13,20],[0,8],[11,22],[7,24]]
[[9,16],[19,22],[18,21],[2,20],[17,24],[11,23],[12,14],[8,13],[3,6],[1,10]]
[[10,16],[9,20],[4,13],[2,19],[0,17],[18,24],[3,12],[15,22],[8,21],[5,7]]
[[5,16],[8,14],[18,21],[22,24],[3,6],[17,20],[7,19],[13,23],[4,12],[10,15]]
[[0,6],[22,24],[7,15],[8,19],[16,21],[10,18],[12,14],[9,23],[5,20],[11,17]]
[[20,22],[18,21],[1,15],[6,16],[17,23],[10,12],[2,5],[14,24],[9,19],[7,13]]
[[3,16],[2,15],[7,10],[20,22],[9,18],[0,23],[6,14],[5,17],[11,24],[1,8]]
[[11,20],[14,22],[19,24],[0,13],[10,15],[8,12],[2,18],[6,23],[3,5],[1,21]]
[[8,13],[6,11],[0,19],[16,18],[22,24],[9,17],[7,15],[12,21],[2,14],[3,5]]
[[18,24],[11,16],[7,19],[9,23],[0,14],[8,12],[20,22],[1,4],[10,15],[5,17]]
[[22,24],[20,23],[12,21],[3,15],[7,11],[17,19],[2,5],[13,18],[0,10],[6,16]]
[[9,22],[1,3],[11,19],[5,23],[12,18],[10,24],[16,20],[15,21],[7,14],[0,17]]
[[15,19],[13,17],[4,7],[6,18],[12,20],[14,22],[3,10],[0,23],[1,21],[8,16]]
[[21,24],[8,13],[6,12],[7,10],[1,17],[5,19],[9,18],[15,22],[3,11],[16,23]]
[[14,18],[13,23],[5,15],[17,24],[2,9],[12,19],[0,21],[7,20],[1,22],[6,11]]
[[11,15],[17,20],[13,19],[10,22],[5,14],[9,16],[1,21],[3,8],[7,18],[6,24]]
[[12,24],[6,11],[21,23],[1,17],[0,20],[7,15],[10,22],[14,18],[4,16],[9,19]]
[[21,23],[7,24],[19,22],[16,18],[15,20],[10,17],[5,13],[0,9],[2,12],[6,11]]
[[21,23],[0,16],[15,19],[3,10],[7,20],[17,22],[2,18],[11,24],[1,5],[6,14]]
[[3,16],[12,23],[21,24],[2,19],[15,20],[8,22],[13,17],[0,6],[9,18],[1,11]]
[[20,23],[0,8],[5,18],[21,24],[2,4],[12,22],[14,17],[10,13],[15,19],[6,11]]
[[21,24],[10,14],[3,16],[4,11],[18,22],[9,19],[0,2],[7,12],[1,13],[6,15]]
[[4,24],[1,18],[10,21],[8,13],[6,16],[11,20],[17,22],[12,23],[3,19],[2,9]]
[[1,7],[0,16],[2,20],[13,15],[18,22],[14,21],[4,17],[12,23],[8,24],[9,11]]
[[9,20],[21,24],[3,13],[1,12],[15,18],[14,17],[19,23],[0,6],[2,22],[10,16]]
[[15,24],[3,17],[19,21],[0,10],[16,22],[2,8],[4,12],[11,14],[5,20],[13,23]]
[[4,14],[1,18],[3,9],[2,22],[12,19],[15,23],[8,24],[11,21],[0,20],[5,13]]
[[8,10],[20,23],[0,15],[5,24],[4,12],[19,22],[2,16],[7,14],[17,21],[6,13]]
[[3,11],[10,22],[15,23],[16,20],[0,19],[6,14],[12,21],[17,24],[9,18],[7,13]]
[[9,18],[7,24],[4,19],[13,17],[1,12],[10,22],[6,16],[20,23],[8,15],[5,14]]
[[13,16],[12,15],[14,19],[18,23],[9,20],[17,22],[8,24],[5,11],[7,21],[0,10]]
[[14,16],[13,24],[3,5],[10,21],[1,17],[2,8],[12,18],[20,23],[11,19],[7,15]]
[[21,23],[12,19],[1,7],[2,16],[13,22],[15,24],[5,14],[4,10],[9,18],[6,20]]
[[19,22],[7,24],[11,21],[1,18],[10,14],[0,20],[5,13],[4,8],[12,16],[6,23]]
[[6,18],[0,17],[9,21],[13,20],[14,23],[3,7],[4,12],[19,24],[15,22],[1,10]]
[[13,21],[17,19],[5,16],[10,20],[22,24],[4,8],[6,11],[3,12],[0,9],[1,18]]
[[2,22],[7,14],[12,24],[4,23],[8,15],[5,10],[0,18],[16,21],[1,11],[17,20]]
[[4,10],[0,22],[15,17],[20,23],[12,18],[6,16],[5,19],[14,24],[3,8],[1,13]]
[[11,14],[5,10],[15,17],[18,23],[20,22],[2,8],[3,16],[19,24],[1,6],[12,21]]
[[1,14],[19,21],[17,22],[10,15],[16,20],[8,23],[7,18],[5,12],[6,24],[4,13]]
[[3,21],[2,5],[17,24],[16,23],[8,18],[10,22],[11,14],[9,15],[6,12],[4,19]]
[[9,11],[14,23],[7,15],[1,17],[13,21],[10,22],[8,18],[12,19],[5,24],[6,20]]
[[7,14],[19,23],[12,22],[1,3],[13,20],[17,21],[4,18],[0,5],[2,10],[15,24]]
[[3,12],[15,18],[0,14],[11,19],[1,6],[20,23],[2,7],[13,24],[16,21],[8,10]]
[[5,16],[20,24],[9,21],[11,14],[15,22],[2,10],[12,19],[6,8],[0,13],[7,23]]
[[7,22],[3,5],[1,4],[18,23],[8,16],[9,24],[13,15],[19,21],[2,11],[10,20]]
[[11,18],[4,16],[1,23],[6,8],[17,24],[14,22],[13,21],[7,15],[3,19],[10,20]]
[[3,14],[7,11],[20,24],[18,23],[13,19],[6,15],[17,22],[10,16],[5,12],[0,4]]
[[8,11],[4,24],[17,20],[19,23],[6,16],[2,15],[0,22],[1,14],[12,21],[7,18]]
[[12,18],[14,20],[8,23],[13,24],[10,15],[3,17],[5,11],[16,22],[2,19],[6,21]]
[[6,9],[20,23],[4,13],[2,16],[3,21],[19,24],[8,15],[5,11],[14,18],[12,22]]
[[19,22],[18,24],[14,20],[5,21],[3,8],[10,13],[2,9],[1,11],[16,23],[12,17]]
[[5,22],[10,23],[18,21],[13,17],[6,12],[14,16],[15,20],[2,24],[3,11],[7,9]]
[[9,24],[4,8],[18,20],[11,15],[6,22],[13,21],[2,19],[14,23],[3,16],[1,7]]
[[8,24],[11,13],[19,23],[1,20],[14,16],[9,15],[3,6],[10,18],[12,22],[7,21]]
[[11,23],[1,15],[2,16],[10,21],[6,22],[18,20],[7,17],[9,13],[4,12],[14,24]]
[[21,23],[11,16],[13,15],[12,17],[9,14],[6,24],[8,18],[0,19],[10,22],[3,20]]
[[2,24],[4,16],[9,12],[10,13],[6,19],[8,23],[14,18],[0,22],[17,21],[3,7]]
[[12,21],[4,11],[18,22],[16,24],[8,23],[7,15],[0,3],[14,20],[2,17],[9,19]]
[[1,4],[14,22],[12,15],[5,19],[20,23],[13,24],[2,7],[17,21],[6,10],[8,16]]
[[9,19],[13,24],[3,5],[2,10],[8,22],[6,21],[7,20],[4,12],[14,18],[1,16]]
[[11,17],[0,16],[10,13],[9,21],[3,14],[7,24],[18,20],[12,19],[4,22],[1,23]]
[[1,5],[21,23],[10,15],[4,16],[12,20],[9,13],[0,17],[11,19],[2,14],[18,24]]
[[16,21],[15,23],[20,24],[18,22],[12,14],[3,7],[9,13],[8,17],[2,5],[1,10]]
[[21,24],[14,22],[19,23],[10,20],[6,13],[16,18],[9,12],[3,11],[5,17],[7,15]]
[[1,6],[3,14],[16,21],[13,19],[7,24],[0,20],[5,12],[18,23],[4,15],[9,11]]
[[5,15],[6,24],[12,23],[1,18],[17,20],[0,16],[4,8],[11,22],[14,21],[7,13]]
[[12,22],[0,18],[19,24],[3,6],[1,9],[20,23],[13,16],[11,21],[5,17],[8,15]]
[[9,11],[2,7],[3,8],[17,24],[12,15],[13,23],[19,22],[16,20],[4,10],[5,14]]
[[17,21],[13,18],[4,12],[3,19],[2,7],[14,20],[6,9],[1,16],[22,24],[5,10]]
[[2,6],[4,16],[8,24],[9,13],[21,23],[14,19],[12,20],[10,17],[5,22],[3,11]]
[[2,14],[1,22],[11,13],[3,24],[9,21],[6,16],[18,23],[15,20],[10,19],[5,12]]
[[3,6],[20,22],[13,21],[1,19],[0,24],[16,23],[14,18],[4,7],[12,17],[8,10]]
[[13,22],[21,24],[2,14],[9,17],[8,23],[7,11],[3,16],[1,6],[5,12],[0,15]]
[[16,22],[4,13],[8,11],[5,17],[9,15],[3,18],[20,23],[6,24],[0,14],[1,12]]
[[4,10],[3,7],[0,23],[18,20],[12,21],[6,19],[15,22],[14,17],[2,13],[1,11]]
[[8,16],[9,12],[18,21],[0,20],[2,6],[1,17],[10,22],[7,13],[15,24],[14,23]]
[[17,21],[4,8],[13,23],[15,19],[3,16],[20,24],[6,18],[0,14],[5,11],[9,12]]
[[13,20],[21,23],[15,19],[18,24],[16,22],[10,14],[1,8],[3,6],[2,11],[5,9]]
[[19,23],[10,12],[5,24],[3,9],[8,13],[17,22],[18,21],[1,7],[14,20],[0,11]]
[[20,22],[14,21],[0,15],[13,24],[1,16],[10,23],[2,6],[3,17],[9,19],[8,18]]
[[17,23],[11,13],[8,22],[2,16],[18,20],[7,19],[0,12],[10,21],[3,9],[14,24]]
[[16,23],[8,10],[9,21],[4,19],[18,24],[1,6],[14,17],[5,20],[0,7],[12,15]]
[[7,20],[13,24],[8,16],[21,23],[5,22],[6,12],[15,19],[0,10],[4,18],[11,17]]
[[19,21],[5,24],[3,22],[7,10],[17,23],[15,18],[11,16],[8,14],[9,13],[2,20]]
[[10,20],[11,23],[1,12],[7,13],[6,17],[14,21],[3,22],[8,16],[18,24],[9,19]]
[[2,5],[22,24],[11,15],[16,23],[14,20],[12,19],[6,13],[8,10],[3,9],[4,17]]
[[5,7],[2,4],[13,20],[12,23],[6,11],[10,19],[17,21],[8,18],[0,22],[14,24]]
[[4,10],[15,20],[19,23],[18,22],[16,21],[9,12],[11,24],[7,17],[6,13],[2,5]]
[[11,19],[16,22],[10,21],[0,7],[6,9],[13,18],[5,15],[3,12],[4,20],[17,24]]
[[7,13],[0,9],[19,21],[17,24],[5,20],[2,18],[6,15],[4,14],[16,23],[1,10]]
[[17,23],[20,22],[7,13],[12,18],[0,2],[4,16],[1,19],[10,14],[15,24],[5,9]]
[[8,15],[12,16],[1,9],[0,19],[3,20],[5,18],[21,24],[2,14],[4,11],[6,23]]
[[3,22],[9,11],[5,17],[10,19],[21,24],[14,16],[13,23],[15,20],[6,18],[0,7]]
[[8,21],[22,24],[17,23],[5,13],[9,15],[10,16],[14,19],[1,7],[12,20],[2,11]]
[[8,14],[20,24],[10,16],[3,17],[2,12],[7,18],[6,19],[15,22],[13,23],[0,21]]
[[1,19],[10,23],[3,14],[17,22],[20,24],[7,9],[4,11],[0,16],[6,13],[15,21]]
[[7,19],[20,23],[16,24],[0,6],[15,22],[14,21],[3,5],[4,12],[9,11],[2,10]]
